67.400000 0.315000 0.811000
128
0.3467
0.635
2.10996
0.859
0.859
0.523
1.259
1.259
1.259
0.852
0.852
0.852
0.571
0.033
0.033
0.033
2.07
2.07
0.87
0.3226
0.631
0.631
0.631
0.631
0.631
0.266
1.148
0.174
2.218
0.306
1.339
1.02422
0.697
0.697
0.697
0.697
0.697
1.25017
1.25017
0.3694
0.595
0.891933
1.184
1.184
1.25
0.433465
0.1576
0.1576
0.1576
0.1576
0.1576
0.1576
0.1576
0.1576
0.1576
0.1576
0.1576
0.1576
0.536
0.536
0.997
0.997
0.904
0.904
1.83786
0.606
1.417
1.4
1.4
1.4
1.4
1.81407
1.81407
0.593402
0.593402
0.593402
0.593402
0.621
0.902
0.902
0.683
0.683
0.664
0.692
0.692
1.119
1.119
0.302
0.302
1.736
1.736
1.736
0.501
0.501
1.283
1.94
1.94
1.94
2.427
0.0686
0.0686
0.0686
0.0686
0.0686
0.0686
0.0686
0.0686
0.0686
0.0686
1.076
1.125
1.404
1.56
1.037
1.037
1.037
1.037
0.632
0.859
0.859
0.859
0.859
0.859
0.859
0.859
0.859
0.859
0.859
